P = sparse(660,660,1)
P(1,1)=0
P(1,2)=0.991
P(2,2)=-1.0
P(2,3)=0.991
P(3,3)=-1.0
P(3,4)=0.991
P(4,4)=-1.0
P(4,5)=0.991
P(5,5)=-1.0
P(5,6)=0.991
P(6,6)=-1.0
P(6,7)=0.991
P(7,7)=-1.0
P(7,8)=0.991
P(8,8)=-1.0
P(8,9)=0.991
P(9,9)=-1.0
P(9,10)=0.991
P(10,10)=-1.0
P(10,11)=0.991
P(11,11)=-1.0
P(11,12)=1.0
P(11,67)=1.0
P(12,12)=-1.0
P(12,2)=0.004
P(12,13)=0.992
P(13,13)=-1.0
P(13,3)=0.004
P(13,14)=0.992
P(14,14)=-1.0
P(14,4)=0.004
P(14,15)=0.992
P(15,15)=-1.0
P(15,5)=0.004
P(15,16)=0.992
P(16,16)=-1.0
P(16,6)=0.004
P(16,17)=0.992
P(17,17)=-1.0
P(17,7)=0.004
P(17,18)=0.992
P(18,18)=-1.0
P(18,8)=0.004
P(18,19)=0.992
P(19,19)=-1.0
P(19,9)=0.004
P(19,20)=0.992
P(20,20)=-1.0
P(20,10)=0.004
P(20,21)=0.992
P(21,21)=-1.0
P(21,11)=0.004
P(21,22)=0.992
P(22,22)=-1.0
P(22,23)=1.0
P(22,89)=1.0
P(23,23)=-1.0
P(23,13)=0.003
P(23,24)=0.993
P(24,24)=-1.0
P(24,14)=0.003
P(24,25)=0.993
P(25,25)=-1.0
P(25,15)=0.003
P(25,26)=0.993
P(26,26)=-1.0
P(26,16)=0.003
P(26,27)=0.993
P(27,27)=-1.0
P(27,17)=0.003
P(27,28)=0.993
P(28,28)=-1.0
P(28,18)=0.003
P(28,29)=0.993
P(29,29)=-1.0
P(29,19)=0.003
P(29,30)=0.993
P(30,30)=-1.0
P(30,20)=0.003
P(30,31)=0.993
P(31,31)=-1.0
P(31,21)=0.003
P(31,32)=0.993
P(32,32)=-1.0
P(32,22)=0.003
P(32,33)=0.993
P(33,33)=-1.0
P(33,34)=1.0
P(33,111)=1.0
P(34,34)=-1.0
P(34,24)=0.002
P(34,35)=0.994
P(35,35)=-1.0
P(35,25)=0.002
P(35,36)=0.994
P(36,36)=-1.0
P(36,26)=0.002
P(36,37)=0.994
P(37,37)=-1.0
P(37,27)=0.002
P(37,38)=0.994
P(38,38)=-1.0
P(38,28)=0.002
P(38,39)=0.994
P(39,39)=-1.0
P(39,29)=0.002
P(39,40)=0.994
P(40,40)=-1.0
P(40,30)=0.002
P(40,41)=0.994
P(41,41)=-1.0
P(41,31)=0.002
P(41,42)=0.994
P(42,42)=-1.0
P(42,32)=0.002
P(42,43)=0.994
P(43,43)=-1.0
P(43,33)=0.002
P(43,44)=0.994
P(44,44)=-1.0
P(44,45)=1.0
P(44,133)=1.0
P(45,45)=-1.0
P(45,35)=0.001
P(45,46)=0.995
P(46,46)=-1.0
P(46,36)=0.001
P(46,47)=0.995
P(47,47)=-1.0
P(47,37)=0.001
P(47,48)=0.995
P(48,48)=-1.0
P(48,38)=0.001
P(48,49)=0.995
P(49,49)=-1.0
P(49,39)=0.001
P(49,50)=0.995
P(50,50)=-1.0
P(50,40)=0.001
P(50,51)=0.995
P(51,51)=-1.0
P(51,41)=0.001
P(51,52)=0.995
P(52,52)=-1.0
P(52,42)=0.001
P(52,53)=0.995
P(53,53)=-1.0
P(53,43)=0.001
P(53,54)=0.995
P(54,54)=-1.0
P(54,44)=0.001
P(54,55)=0.995
P(55,55)=-1.0
P(55,155)=1.0
P(56,56)=0
P(56,57)=0.991
P(57,57)=-1.0
P(57,58)=0.991
P(58,58)=-1.0
P(58,59)=0.991
P(59,59)=-1.0
P(59,60)=0.991
P(60,60)=-1.0
P(60,61)=0.991
P(61,61)=-1.0
P(61,62)=0.991
P(62,62)=-1.0
P(62,63)=0.991
P(63,63)=-1.0
P(63,64)=0.991
P(64,64)=-1.0
P(64,65)=0.991
P(65,65)=-1.0
P(65,66)=0.991
P(66,66)=-1.0
P(66,78)=1.0
P(66,177)=1.0
P(67,67)=-1.0
P(67,57)=0.005
P(67,68)=0.992
P(68,68)=-1.0
P(68,58)=0.005
P(68,69)=0.992
P(69,69)=-1.0
P(69,59)=0.005
P(69,70)=0.992
P(70,70)=-1.0
P(70,60)=0.005
P(70,71)=0.992
P(71,71)=-1.0
P(71,61)=0.005
P(71,72)=0.992
P(72,72)=-1.0
P(72,62)=0.005
P(72,73)=0.992
P(73,73)=-1.0
P(73,63)=0.005
P(73,74)=0.992
P(74,74)=-1.0
P(74,64)=0.005
P(74,75)=0.992
P(75,75)=-1.0
P(75,65)=0.005
P(75,76)=0.992
P(76,76)=-1.0
P(76,66)=0.005
P(76,77)=0.992
P(77,77)=-1.0
P(77,100)=0.5
P(77,188)=0.5
P(78,78)=-1.0
P(78,2)=0.005
P(78,79)=0.992
P(79,79)=-1.0
P(79,3)=0.005
P(79,80)=0.992
P(80,80)=-1.0
P(80,4)=0.005
P(80,81)=0.992
P(81,81)=-1.0
P(81,5)=0.005
P(81,82)=0.992
P(82,82)=-1.0
P(82,6)=0.005
P(82,83)=0.992
P(83,83)=-1.0
P(83,7)=0.005
P(83,84)=0.992
P(84,84)=-1.0
P(84,8)=0.005
P(84,85)=0.992
P(85,85)=-1.0
P(85,9)=0.005
P(85,86)=0.992
P(86,86)=-1.0
P(86,10)=0.005
P(86,87)=0.992
P(87,87)=-1.0
P(87,11)=0.005
P(87,88)=0.992
P(88,88)=-1.0
P(88,100)=0.5
P(88,188)=0.5
P(89,89)=-1.0
P(89,68)=0.004
P(89,90)=0.993
P(90,90)=-1.0
P(90,69)=0.004
P(90,91)=0.993
P(91,91)=-1.0
P(91,70)=0.004
P(91,92)=0.993
P(92,92)=-1.0
P(92,71)=0.004
P(92,93)=0.993
P(93,93)=-1.0
P(93,72)=0.004
P(93,94)=0.993
P(94,94)=-1.0
P(94,73)=0.004
P(94,95)=0.993
P(95,95)=-1.0
P(95,74)=0.004
P(95,96)=0.993
P(96,96)=-1.0
P(96,75)=0.004
P(96,97)=0.993
P(97,97)=-1.0
P(97,76)=0.004
P(97,98)=0.993
P(98,98)=-1.0
P(98,77)=0.004
P(98,99)=0.993
P(99,99)=-1.0
P(99,122)=0.3333333333333333
P(99,210)=0.3333333333333333
P(100,100)=-1.0
P(100,13)=0.005
P(100,79)=0.004
P(100,101)=0.993
P(101,101)=-1.0
P(101,14)=0.005
P(101,80)=0.004
P(101,102)=0.993
P(102,102)=-1.0
P(102,15)=0.005
P(102,81)=0.004
P(102,103)=0.993
P(103,103)=-1.0
P(103,16)=0.005
P(103,82)=0.004
P(103,104)=0.993
P(104,104)=-1.0
P(104,17)=0.005
P(104,83)=0.004
P(104,105)=0.993
P(105,105)=-1.0
P(105,18)=0.005
P(105,84)=0.004
P(105,106)=0.993
P(106,106)=-1.0
P(106,19)=0.005
P(106,85)=0.004
P(106,107)=0.993
P(107,107)=-1.0
P(107,20)=0.005
P(107,86)=0.004
P(107,108)=0.993
P(108,108)=-1.0
P(108,21)=0.005
P(108,87)=0.004
P(108,109)=0.993
P(109,109)=-1.0
P(109,22)=0.005
P(109,88)=0.004
P(109,110)=0.993
P(110,110)=-1.0
P(110,122)=0.6666666666666666
P(110,210)=0.6666666666666666
P(111,111)=-1.0
P(111,90)=0.003
P(111,112)=0.994
P(112,112)=-1.0
P(112,91)=0.003
P(112,113)=0.994
P(113,113)=-1.0
P(113,92)=0.003
P(113,114)=0.994
P(114,114)=-1.0
P(114,93)=0.003
P(114,115)=0.994
P(115,115)=-1.0
P(115,94)=0.003
P(115,116)=0.994
P(116,116)=-1.0
P(116,95)=0.003
P(116,117)=0.994
P(117,117)=-1.0
P(117,96)=0.003
P(117,118)=0.994
P(118,118)=-1.0
P(118,97)=0.003
P(118,119)=0.994
P(119,119)=-1.0
P(119,98)=0.003
P(119,120)=0.994
P(120,120)=-1.0
P(120,99)=0.003
P(120,121)=0.994
P(121,121)=-1.0
P(121,144)=0.25
P(121,232)=0.25
P(122,122)=-1.0
P(122,24)=0.005
P(122,101)=0.003
P(122,123)=0.994
P(123,123)=-1.0
P(123,25)=0.005
P(123,102)=0.003
P(123,124)=0.994
P(124,124)=-1.0
P(124,26)=0.005
P(124,103)=0.003
P(124,125)=0.994
P(125,125)=-1.0
P(125,27)=0.005
P(125,104)=0.003
P(125,126)=0.994
P(126,126)=-1.0
P(126,28)=0.005
P(126,105)=0.003
P(126,127)=0.994
P(127,127)=-1.0
P(127,29)=0.005
P(127,106)=0.003
P(127,128)=0.994
P(128,128)=-1.0
P(128,30)=0.005
P(128,107)=0.003
P(128,129)=0.994
P(129,129)=-1.0
P(129,31)=0.005
P(129,108)=0.003
P(129,130)=0.994
P(130,130)=-1.0
P(130,32)=0.005
P(130,109)=0.003
P(130,131)=0.994
P(131,131)=-1.0
P(131,33)=0.005
P(131,110)=0.003
P(131,132)=0.994
P(132,132)=-1.0
P(132,144)=0.75
P(132,232)=0.75
P(133,133)=-1.0
P(133,112)=0.002
P(133,134)=0.995
P(134,134)=-1.0
P(134,113)=0.002
P(134,135)=0.995
P(135,135)=-1.0
P(135,114)=0.002
P(135,136)=0.995
P(136,136)=-1.0
P(136,115)=0.002
P(136,137)=0.995
P(137,137)=-1.0
P(137,116)=0.002
P(137,138)=0.995
P(138,138)=-1.0
P(138,117)=0.002
P(138,139)=0.995
P(139,139)=-1.0
P(139,118)=0.002
P(139,140)=0.995
P(140,140)=-1.0
P(140,119)=0.002
P(140,141)=0.995
P(141,141)=-1.0
P(141,120)=0.002
P(141,142)=0.995
P(142,142)=-1.0
P(142,121)=0.002
P(142,143)=0.995
P(143,143)=-1.0
P(143,166)=0.2
P(143,254)=0.2
P(144,144)=-1.0
P(144,35)=0.005
P(144,123)=0.002
P(144,145)=0.995
P(145,145)=-1.0
P(145,36)=0.005
P(145,124)=0.002
P(145,146)=0.995
P(146,146)=-1.0
P(146,37)=0.005
P(146,125)=0.002
P(146,147)=0.995
P(147,147)=-1.0
P(147,38)=0.005
P(147,126)=0.002
P(147,148)=0.995
P(148,148)=-1.0
P(148,39)=0.005
P(148,127)=0.002
P(148,149)=0.995
P(149,149)=-1.0
P(149,40)=0.005
P(149,128)=0.002
P(149,150)=0.995
P(150,150)=-1.0
P(150,41)=0.005
P(150,129)=0.002
P(150,151)=0.995
P(151,151)=-1.0
P(151,42)=0.005
P(151,130)=0.002
P(151,152)=0.995
P(152,152)=-1.0
P(152,43)=0.005
P(152,131)=0.002
P(152,153)=0.995
P(153,153)=-1.0
P(153,44)=0.005
P(153,132)=0.002
P(153,154)=0.995
P(154,154)=-1.0
P(154,166)=0.8
P(154,254)=0.8
P(155,155)=-1.0
P(155,134)=0.001
P(155,156)=0.996
P(156,156)=-1.0
P(156,135)=0.001
P(156,157)=0.996
P(157,157)=-1.0
P(157,136)=0.001
P(157,158)=0.996
P(158,158)=-1.0
P(158,137)=0.001
P(158,159)=0.996
P(159,159)=-1.0
P(159,138)=0.001
P(159,160)=0.996
P(160,160)=-1.0
P(160,139)=0.001
P(160,161)=0.996
P(161,161)=-1.0
P(161,140)=0.001
P(161,162)=0.996
P(162,162)=-1.0
P(162,141)=0.001
P(162,163)=0.996
P(163,163)=-1.0
P(163,142)=0.001
P(163,164)=0.996
P(164,164)=-1.0
P(164,143)=0.001
P(164,165)=0.996
P(165,165)=-1.0
P(165,276)=0.16666666666666666
P(166,166)=-1.0
P(166,46)=0.005
P(166,145)=0.001
P(166,167)=0.996
P(167,167)=-1.0
P(167,47)=0.005
P(167,146)=0.001
P(167,168)=0.996
P(168,168)=-1.0
P(168,48)=0.005
P(168,147)=0.001
P(168,169)=0.996
P(169,169)=-1.0
