P = zeros(68,68)
P(1,1)=0
P(1,2)=0.96
P(2,2)=-1.0
P(2,3)=0.96
P(3,3)=-1.0
P(3,4)=0.96
P(4,4)=-1.0
P(4,5)=1.0
P(4,17)=1.0
P(5,5)=-1.0
P(5,2)=0.02
P(5,6)=0.97
P(6,6)=-1.0
P(6,3)=0.02
P(6,7)=0.97
P(7,7)=-1.0
P(7,4)=0.02
P(7,8)=0.97
P(8,8)=-1.0
P(8,9)=1.0
P(8,25)=1.0
P(9,9)=-1.0
P(9,6)=0.01
P(9,10)=0.98
P(10,10)=-1.0
P(10,7)=0.01
P(10,11)=0.98
P(11,11)=-1.0
P(11,8)=0.01
P(11,12)=0.98
P(12,12)=-1.0
P(12,33)=1.0
P(13,13)=0
P(13,14)=0.96
P(14,14)=-1.0
P(14,15)=0.96
P(15,15)=-1.0
P(15,16)=0.96
P(16,16)=-1.0
P(16,21)=1.0
P(16,41)=1.0
P(17,17)=-1.0
P(17,14)=0.03
P(17,18)=0.97
P(18,18)=-1.0
P(18,15)=0.03
P(18,19)=0.97
P(19,19)=-1.0
P(19,16)=0.03
P(19,20)=0.97
P(20,20)=-1.0
P(20,29)=0.5
P(20,45)=0.5
P(21,21)=-1.0
P(21,2)=0.02
P(21,22)=0.97
P(22,22)=-1.0
P(22,3)=0.02
P(22,23)=0.97
P(23,23)=-1.0
P(23,4)=0.02
P(23,24)=0.97
P(24,24)=-1.0
P(24,29)=0.5
P(24,45)=0.5
P(25,25)=-1.0
P(25,18)=0.02
P(25,26)=0.98
P(26,26)=-1.0
P(26,19)=0.02
P(26,27)=0.98
P(27,27)=-1.0
P(27,20)=0.02
P(27,28)=0.98
P(28,28)=-1.0
P(28,37)=0.3333333333333333
P(28,53)=0.3333333333333333
P(29,29)=-1.0
P(29,6)=0.02
P(29,22)=0.02
P(29,30)=0.98
P(30,30)=-1.0
P(30,7)=0.02
P(30,23)=0.02
P(30,31)=0.98
P(31,31)=-1.0
P(31,8)=0.02
P(31,24)=0.02
P(31,32)=0.98
P(32,32)=-1.0
P(32,37)=0.6666666666666666
P(32,53)=0.6666666666666666
P(33,33)=-1.0
P(33,26)=0.01
P(33,34)=0.99
P(34,34)=-1.0
P(34,27)=0.01
P(34,35)=0.99
P(35,35)=-1.0
P(35,28)=0.01
P(35,36)=0.99
P(36,36)=-1.0
P(36,61)=0.25
P(37,37)=-1.0
P(37,10)=0.02
P(37,30)=0.01
P(37,38)=0.99
P(38,38)=-1.0
P(38,11)=0.02
P(38,31)=0.01
P(38,39)=0.99
P(39,39)=-1.0
P(39,12)=0.02
P(39,32)=0.01
P(39,40)=0.99
P(40,40)=-1.0
P(40,61)=0.75
P(41,41)=-1.0
P(41,14)=0.01
P(41,42)=0.97
P(42,42)=-1.0
P(42,15)=0.01
P(42,43)=0.97
P(43,43)=-1.0
P(43,16)=0.01
P(43,44)=0.97
P(44,44)=-1.0
P(44,49)=1.0
P(45,45)=-1.0
P(45,18)=0.01
P(45,42)=0.03
P(45,46)=0.98
P(46,46)=-1.0
P(46,19)=0.01
P(46,43)=0.03
P(46,47)=0.98
P(47,47)=-1.0
P(47,20)=0.01
P(47,44)=0.03
P(47,48)=0.98
P(48,48)=-1.0
P(48,57)=0.6666666666666666
P(49,49)=-1.0
P(49,22)=0.01
P(49,50)=0.98
P(50,50)=-1.0
P(50,23)=0.01
P(50,51)=0.98
P(51,51)=-1.0
P(51,24)=0.01
P(51,52)=0.98
P(52,52)=-1.0
P(52,57)=0.3333333333333333
P(53,53)=-1.0
P(53,26)=0.01
P(53,46)=0.02
P(53,54)=0.99
P(54,54)=-1.0
P(54,27)=0.01
P(54,47)=0.02
P(54,55)=0.99
P(55,55)=-1.0
P(55,28)=0.01
P(55,48)=0.02
P(55,56)=0.99
P(56,56)=-1.0
P(56,65)=0.5
P(57,57)=-1.0
P(57,30)=0.01
P(57,50)=0.02
P(57,58)=0.99
P(58,58)=-1.0
P(58,31)=0.01
P(58,51)=0.02
P(58,59)=0.99
P(59,59)=-1.0
P(59,32)=0.01
P(59,52)=0.02
P(59,60)=0.99
P(60,60)=-1.0
P(60,65)=0.5
P(61,61)=-1.0
P(61,34)=0.01
P(61,54)=0.01
P(61,62)=1.0
P(62,62)=-1.0
P(62,35)=0.01
P(62,55)=0.01
P(62,63)=1.0
P(63,63)=-1.0
P(63,36)=0.01
P(63,56)=0.01
P(63,64)=1.0
P(64,64)=-1.0
P(65,65)=-1.0
P(65,38)=0.01
P(65,58)=0.01
P(65,66)=1.0
P(66,66)=-1.0
P(66,39)=0.01
P(66,59)=0.01
P(66,67)=1.0
P(67,67)=-1.0
P(67,40)=0.01
P(67,60)=0.01
P(67,68)=1.0
P(68,1)=1
P(68,2)=1
P(68,3)=1
P(68,4)=1
P(68,5)=1
P(68,6)=1
P(68,7)=1
P(68,8)=1
P(68,9)=1
P(68,10)=1
P(68,11)=1
P(68,12)=1
P(68,13)=1
P(68,14)=1
P(68,15)=1
P(68,16)=1
P(68,17)=1
P(68,18)=1
P(68,19)=1
P(68,20)=1
P(68,21)=1
P(68,22)=1
P(68,23)=1
P(68,24)=1
P(68,25)=1
P(68,26)=1
P(68,27)=1
P(68,28)=1
P(68,29)=1
P(68,30)=1
P(68,31)=1
P(68,32)=1
P(68,33)=1
P(68,34)=1
P(68,35)=1
P(68,36)=1
P(68,37)=1
P(68,38)=1
P(68,39)=1
P(68,40)=1
P(68,41)=1
P(68,42)=1
P(68,43)=1
P(68,44)=1
P(68,45)=1
P(68,46)=1
P(68,47)=1
P(68,48)=1
P(68,49)=1
P(68,50)=1
P(68,51)=1
P(68,52)=1
P(68,53)=1
P(68,54)=1
P(68,55)=1
P(68,56)=1
P(68,57)=1
P(68,58)=1
P(68,59)=1
P(68,60)=1
P(68,61)=1
P(68,62)=1
P(68,63)=1
P(68,64)=1
P(68,65)=1
P(68,66)=1
P(68,67)=1
P(68,68)=1
Y= [zeros(67,1); 1]
X = P\Y
